7

0 1 0 0
0 1 0 0
0 1 0 0
0 1 0 0
0 0 0 0
1 1 1 1
0 0 0 0
0 0 0 0
0 1 0 0
0 1 0 0
0 1 0 0
0 1 0 0
0 0 0 0
1 1 1 1
0 0 0 0
0 0 0 0

0 1 0 0
0 1 1 0
0 1 0 0
0 0 0 0
0 0 0 0
1 1 1 0
0 1 0 0
0 0 0 0
0 1 0 0
1 1 0 0
0 1 0 0
0 0 0 0
0 1 0 0
1 1 1 0
0 0 0 0
0 0 0 0

0 1 1 0
0 1 1 0
0 0 0 0
0 0 0 0
0 1 1 0
0 1 1 0
0 0 0 0
0 0 0 0
0 1 1 0
0 1 1 0
0 0 0 0
0 0 0 0
0 1 1 0
0 1 1 0
0 0 0 0
0 0 0 0

0 0 1 0
0 0 1 0
0 1 1 0
0 0 0 0
0 1 0 0
0 1 1 1
0 0 0 0
0 0 0 0
0 1 1 0
0 1 0 0
0 1 0 0
0 0 0 0
1 1 1 0
0 0 1 0
0 0 0 0
0 0 0 0

0 1 0 0
0 1 0 0
0 1 1 0
0 0 0 0
0 0 0 0
1 1 1 0
1 0 0 0
0 0 0 0
1 1 0 0
0 1 0 0
0 1 0 0
0 0 0 0
0 0 1 0
1 1 1 0
0 0 0 0
0 0 0 0


0 1 0 0
0 1 1 0
0 0 1 0
0 0 0 0
0 0 0 0
0 1 1 0
1 1 0 0
0 0 0 0
0 1 0 0
0 1 1 0
0 0 1 0
0 0 0 0
0 0 0 0
0 1 1 0
1 1 0 0
0 0 0 0

0 0 1 0
0 1 1 0
0 1 0 0
0 0 0 0
0 0 0 0
1 1 0 0
0 1 1 0
0 0 0 0
0 0 1 0
0 1 1 0
0 1 0 0
0 0 0 0
0 0 0 0
1 1 0 0
0 1 1 0
0 0 0 0

4 6 1 14 13 11 10
10
518.10 440.38 374.32 318.18 270.50 230.00 195.40 166.09 141.18 120.00